======================================================================
DIOPHANTINE EQUATION SOLVER (SOAC)
Integer domain        : [(7, 10), (7, 10), (5, 7), (18, 22), (25, 30), (6, 8), (12, 17), (25, 30), (14, 19), (25, 30), (20, 30), (4, 5), (15, 20), (25, 30), (25, 30), (15, 20), (3, 5), (18, 23), (8, 12), (1, 1), (1, 1), (1, 1), (6, 9), (10, 14), (1, 1)]
Continuous bounds     : [(6.5, 10.5), (6.5, 10.5), (4.5, 7.5), (17.5, 22.5), (24.5, 30.5), (5.5, 8.5), (11.5, 17.5), (24.5, 30.5), (13.5, 19.5), (24.5, 30.5), (19.5, 30.5), (3.5, 5.5), (14.5, 20.5), (24.5, 30.5), (24.5, 30.5), (14.5, 20.5), (2.5, 5.5), (17.5, 23.5), (7.5, 12.5), (0.5, 1.5), (0.5, 1.5), (0.5, 1.5), (5.5, 9.5), (9.5, 14.5), (0.5, 1.5)]  (margin = 0.5)
Target: Integer roots | Dimension: 25D | Epsilon: 1e-07
======================================================================
/tmp/ipykernel_3596/418543438.py:63: UserWarning: The balance properties of Sobol' points require n to be a power of 2.
  unit_points = sampler.random(n=num_points)

[HASIL OPTIMASI]
• Waktu Eksekusi   : 523.168 detik
• Cluster Terpadu  : 5412
• Solusi Ditemukan : 138 (Ekspektasi literatur: 7)
----------------------------------------------------------------------
  Solusi 1  ➔ (10, 10, 7, 22, 30, 8, 17, 30, 19, 30, 30, 5, 19, 30, 30, 20, 4, 23, 12, 1, 1, 1, 7, 14, 1) | F(x): 1.000000 | Res: 0.00e+00
  Solusi 2  ➔ (10, 10, 6, 22, 30, 8, 17, 30, 19, 30, 30, 5, 19, 30, 30, 20, 5, 23, 11, 1, 1, 1, 8, 14, 1) | F(x): 1.000000 | Res: 0.00e+00
  Solusi 3  ➔ (10, 9, 7, 22, 30, 7, 17, 30, 19, 30, 30, 5, 20, 30, 30, 20, 4, 23, 12, 1, 1, 1, 8, 14, 1) | F(x): 1.000000 | Res: 0.00e+00
  Solusi 4  ➔ (8, 10, 7, 22, 30, 8, 17, 30, 19, 30, 30, 4, 20, 30, 30, 20, 5, 23, 12, 1, 1, 1, 8, 14, 1) | F(x): 1.000000 | Res: 0.00e+00
  Solusi 5  ➔ (10, 10, 7, 22, 28, 8, 17, 30, 19, 30, 30, 5, 20, 30, 30, 20, 5, 23, 12, 1, 1, 1, 9, 14, 1) | F(x): 1.000000 | Res: 0.00e+00
  Solusi 6  ➔ (10, 9, 7, 22, 30, 8, 17, 30, 19, 30, 30, 5, 20, 30, 29, 20, 5, 23, 12, 1, 1, 1, 9, 14, 1) | F(x): 1.000000 | Res: 0.00e+00
  Solusi 7  ➔ (10, 10, 7, 22, 30, 8, 16, 30, 18, 30, 30, 5, 20, 30, 30, 20, 5, 23, 11, 1, 1, 1, 8, 14, 1) | F(x): 1.000000 | Res: 0.00e+00
  Solusi 8  ➔ (9, 10, 7, 22, 30, 7, 17, 30, 19, 30, 30, 5, 20, 30, 30, 20, 3, 23, 12, 1, 1, 1, 9, 14, 1) | F(x): 1.000000 | Res: 0.00e+00
  Solusi 9  ➔ (9, 10, 7, 22, 30, 8, 17, 30, 19, 30, 30, 5, 20, 30, 30, 19, 4, 23, 12, 1, 1, 1, 8, 14, 1) | F(x): 1.000000 | Res: 0.00e+00
  Solusi 10 ➔ (10, 10, 7, 21, 30, 8, 17, 30, 19, 30, 30, 4, 20, 30, 30, 20, 5, 23, 11, 1, 1, 1, 8, 14, 1) | F(x): 1.000000 | Res: 0.00e+00
  Solusi 11 ➔ (10, 10, 7, 22, 30, 7, 17, 30, 19, 30, 30, 5, 20, 30, 29, 20, 5, 23, 12, 1, 1, 1, 8, 14, 1) | F(x): 1.000000 | Res: 0.00e+00
  Solusi 12 ➔ (10, 10, 5, 22, 30, 8, 17, 30, 19, 30, 30, 4, 20, 30, 30, 20, 5, 23, 12, 1, 1, 1, 6, 14, 1) | F(x): 1.000000 | Res: 0.00e+00
  Solusi 13 ➔ (10, 10, 5, 22, 30, 7, 17, 30, 19, 30, 30, 5, 20, 30, 30, 20, 5, 23, 10, 1, 1, 1, 9, 14, 1) | F(x): 1.000000 | Res: 0.00e+00
  Solusi 14 ➔ (10, 10, 7, 22, 30, 8, 17, 29, 18, 30, 30, 5, 20, 30, 30, 20, 5, 23, 12, 1, 1, 1, 7, 14, 1) | F(x): 1.000000 | Res: 0.00e+00
  Solusi 15 ➔ (10, 10, 7, 22, 30, 7, 17, 30, 19, 30, 30, 4, 20, 30, 30, 20, 5, 23, 10, 1, 1, 1, 8, 14, 1) | F(x): 1.000000 | Res: 0.00e+00
  Solusi 16 ➔ (10, 9, 7, 22, 30, 8, 17, 30, 19, 30, 30, 5, 20, 30, 30, 20, 3, 23, 12, 1, 1, 1, 8, 14, 1) | F(x): 1.000000 | Res: 0.00e+00
  Solusi 17 ➔ (10, 10, 7, 22, 30, 8, 16, 30, 18, 30, 30, 4, 20, 30, 30, 20, 5, 23, 11, 1, 1, 1, 9, 14, 1) | F(x): 1.000000 | Res: 0.00e+00
  Solusi 18 ➔ (10, 9, 7, 22, 30, 8, 17, 30, 19, 30, 30, 4, 20, 30, 30, 20, 4, 23, 11, 1, 1, 1, 9, 14, 1) | F(x): 1.000000 | Res: 0.00e+00
  Solusi 19 ➔ (10, 10, 7, 22, 30, 7, 17, 30, 19, 30, 30, 5, 20, 30, 30, 18, 5, 23, 11, 1, 1, 1, 9, 14, 1) | F(x): 1.000000 | Res: 0.00e+00
  Solusi 20 ➔ (10, 10, 7, 22, 30, 8, 17, 30, 19, 30, 30, 5, 20, 30, 29, 20, 5, 23, 11, 1, 1, 1, 8, 14, 1) | F(x): 1.000000 | Res: 0.00e+00
  Solusi 21 ➔ (10, 10, 6, 22, 30, 8, 17, 30, 19, 30, 30, 5, 20, 30, 30, 19, 5, 23, 11, 1, 1, 1, 7, 14, 1) | F(x): 1.000000 | Res: 0.00e+00
  Solusi 22 ➔ (10, 10, 7, 22, 30, 8, 17, 30, 19, 30, 30, 5, 20, 30, 30, 20, 5, 23, 9, 1, 1, 1, 7, 14, 1) | F(x): 1.000000 | Res: 0.00e+00
  Solusi 23 ➔ (10, 10, 7, 22, 29, 8, 17, 30, 19, 30, 30, 5, 20, 30, 30, 19, 4, 23, 12, 1, 1, 1, 9, 14, 1) | F(x): 1.000000 | Res: 0.00e+00
  Solusi 24 ➔ (10, 9, 7, 22, 30, 8, 17, 30, 19, 30, 30, 4, 20, 30, 30, 20, 5, 23, 10, 1, 1, 1, 9, 14, 1) | F(x): 1.000000 | Res: 0.00e+00
  Solusi 25 ➔ (10, 10, 6, 22, 30, 8, 17, 30, 19, 30, 30, 5, 20, 30, 30, 20, 4, 23, 10, 1, 1, 1, 8, 14, 1) | F(x): 1.000000 | Res: 0.00e+00
  Solusi 26 ➔ (10, 8, 7, 22, 30, 7, 17, 30, 19, 30, 30, 5, 20, 30, 30, 20, 5, 23, 12, 1, 1, 1, 9, 14, 1) | F(x): 1.000000 | Res: 0.00e+00
  Solusi 27 ➔ (8, 10, 7, 22, 30, 8, 17, 30, 19, 30, 30, 5, 20, 30, 30, 20, 5, 23, 12, 1, 1, 1, 7, 14, 1) | F(x): 1.000000 | Res: 0.00e+00
  Solusi 28 ➔ (10, 10, 6, 22, 30, 8, 17, 30, 19, 30, 30, 5, 20, 30, 30, 20, 3, 23, 11, 1, 1, 1, 8, 14, 1) | F(x): 1.000000 | Res: 0.00e+00
  Solusi 29 ➔ (10, 10, 7, 22, 30, 7, 15, 30, 19, 30, 30, 5, 20, 30, 30, 20, 5, 23, 12, 1, 1, 1, 8, 14, 1) | F(x): 1.000000 | Res: 0.00e+00
  Solusi 30 ➔ (10, 10, 7, 22, 30, 8, 15, 30, 19, 30, 30, 5, 20, 30, 30, 20, 5, 23, 11, 1, 1, 1, 8, 14, 1) | F(x): 1.000000 | Res: 0.00e+00
  Solusi 31 ➔ (10, 10, 7, 22, 30, 8, 17, 30, 19, 30, 30, 5, 20, 30, 30, 19, 5, 23, 11, 1, 1, 1, 6, 14, 1) | F(x): 1.000000 | Res: 0.00e+00
  Solusi 32 ➔ (10, 10, 7, 22, 30, 8, 17, 30, 19, 30, 30, 5, 20, 30, 30, 20, 3, 23, 11, 1, 1, 1, 7, 14, 1) | F(x): 1.000000 | Res: 0.00e+00
  Solusi 33 ➔ (10, 10, 7, 22, 30, 8, 17, 30, 19, 30, 30, 5, 20, 30, 30, 20, 4, 23, 12, 1, 1, 1, 7, 12, 1) | F(x): 1.000000 | Res: 0.00e+00
  Solusi 34 ➔ (10, 10, 6, 22, 30, 8, 15, 30, 19, 30, 30, 5, 20, 30, 30, 20, 5, 23, 11, 1, 1, 1, 9, 14, 1) | F(x): 1.000000 | Res: 0.00e+00
  Solusi 35 ➔ (10, 10, 7, 22, 30, 8, 17, 30, 19, 30, 30, 5, 20, 30, 30, 19, 4, 23, 12, 1, 1, 1, 6, 14, 1) | F(x): 1.000000 | Res: 0.00e+00
  Solusi 36 ➔ (9, 10, 6, 22, 30, 8, 17, 30, 19, 30, 30, 5, 20, 30, 30, 19, 4, 23, 12, 1, 1, 1, 9, 14, 1) | F(x): 1.000000 | Res: 0.00e+00
  Solusi 37 ➔ (10, 10, 6, 22, 30, 8, 17, 30, 19, 30, 30, 5, 20, 30, 30, 20, 4, 23, 12, 1, 1, 1, 8, 12, 1) | F(x): 1.000000 | Res: 0.00e+00
  Solusi 38 ➔ (10, 10, 7, 22, 30, 8, 15, 30, 19, 30, 30, 5, 20, 30, 30, 20, 4, 23, 12, 1, 1, 1, 8, 14, 1) | F(x): 1.000000 | Res: 0.00e+00
  Solusi 39 ➔ (10, 10, 6, 22, 30, 8, 15, 30, 19, 30, 30, 5, 20, 30, 30, 20, 4, 23, 12, 1, 1, 1, 9, 14, 1) | F(x): 1.000000 | Res: 0.00e+00
  Solusi 40 ➔ (9, 10, 7, 21, 30, 8, 17, 30, 19, 30, 30, 5, 20, 30, 30, 20, 5, 23, 11, 1, 1, 1, 9, 14, 1) | F(x): 1.000000 | Res: 0.00e+00
  Solusi 41 ➔ (9, 10, 7, 22, 30, 7, 17, 30, 19, 30, 30, 5, 20, 30, 30, 20, 5, 23, 10, 1, 1, 1, 9, 14, 1) | F(x): 1.000000 | Res: 0.00e+00
  Solusi 42 ➔ (10, 10, 7, 22, 30, 8, 15, 30, 19, 30, 30, 5, 20, 30, 30, 20, 5, 23, 12, 1, 1, 1, 8, 13, 1) | F(x): 1.000000 | Res: 0.00e+00
  Solusi 43 ➔ (10, 10, 7, 22, 30, 8, 17, 30, 19, 30, 30, 4, 20, 30, 29, 20, 4, 23, 12, 1, 1, 1, 9, 14, 1) | F(x): 1.000000 | Res: 0.00e+00
  Solusi 44 ➔ (9, 10, 7, 22, 30, 8, 17, 30, 19, 30, 30, 5, 20, 30, 30, 20, 4, 23, 11, 1, 1, 1, 9, 13, 1) | F(x): 1.000000 | Res: 0.00e+00
  Solusi 45 ➔ (10, 9, 7, 22, 30, 8, 15, 30, 19, 30, 30, 5, 20, 30, 30, 20, 5, 23, 12, 1, 1, 1, 9, 14, 1) | F(x): 1.000000 | Res: 0.00e+00
  Solusi 46 ➔ (10, 10, 7, 22, 30, 8, 16, 29, 19, 30, 30, 5, 20, 30, 30, 20, 5, 23, 12, 1, 1, 1, 7, 14, 1) | F(x): 1.000000 | Res: 0.00e+00
  Solusi 47 ➔ (10, 10, 7, 21, 30, 8, 17, 30, 19, 30, 30, 5, 20, 30, 30, 20, 4, 23, 12, 1, 1, 1, 7, 14, 1) | F(x): 1.000000 | Res: 0.00e+00
  Solusi 48 ➔ (9, 10, 6, 22, 29, 8, 17, 30, 19, 30, 30, 5, 20, 30, 30, 20, 5, 23, 12, 1, 1, 1, 9, 14, 1) | F(x): 1.000000 | Res: 0.00e+00
  Solusi 49 ➔ (9, 10, 7, 22, 30, 8, 17, 30, 19, 30, 30, 5, 20, 30, 30, 19, 5, 23, 11, 1, 1, 1, 8, 14, 1) | F(x): 1.000000 | Res: 0.00e+00
  Solusi 50 ➔ (7, 10, 7, 22, 30, 8, 17, 30, 19, 30, 30, 5, 20, 30, 30, 20, 5, 23, 12, 1, 1, 1, 9, 14, 1) | F(x): 1.000000 | Res: 0.00e+00
  Solusi 51 ➔ (10, 10, 7, 22, 30, 8, 16, 30, 18, 30, 30, 4, 20, 30, 30, 20, 5, 23, 12, 1, 1, 1, 9, 13, 1) | F(x): 1.000000 | Res: 0.00e+00
  Solusi 52 ➔ (10, 10, 7, 22, 30, 8, 15, 30, 19, 30, 30, 4, 20, 30, 30, 20, 5, 23, 11, 1, 1, 1, 9, 14, 1) | F(x): 1.000000 | Res: 0.00e+00
  Solusi 53 ➔ (10, 10, 7, 22, 30, 7, 16, 30, 18, 30, 30, 5, 20, 30, 30, 20, 5, 23, 12, 1, 1, 1, 8, 14, 1) | F(x): 1.000000 | Res: 0.00e+00
  Solusi 54 ➔ (10, 10, 7, 22, 30, 8, 17, 30, 19, 30, 30, 4, 20, 30, 30, 20, 5, 23, 10, 1, 1, 1, 8, 13, 1) | F(x): 1.000000 | Res: 0.00e+00
  Solusi 55 ➔ (9, 10, 7, 22, 30, 8, 16, 29, 19, 30, 30, 5, 20, 30, 30, 20, 5, 23, 12, 1, 1, 1, 9, 14, 1) | F(x): 1.000000 | Res: 0.00e+00
  Solusi 56 ➔ (9, 10, 7, 22, 30, 8, 17, 30, 19, 30, 30, 5, 20, 30, 30, 20, 5, 23, 9, 1, 1, 1, 9, 14, 1) | F(x): 1.000000 | Res: 0.00e+00
  Solusi 57 ➔ (10, 10, 5, 22, 30, 8, 17, 29, 18, 30, 30, 5, 20, 30, 30, 20, 5, 23, 12, 1, 1, 1, 9, 14, 1) | F(x): 1.000000 | Res: 0.00e+00
  Solusi 58 ➔ (10, 10, 6, 22, 30, 8, 17, 29, 18, 30, 30, 5, 20, 30, 30, 20, 5, 23, 12, 1, 1, 1, 8, 14, 1) | F(x): 1.000000 | Res: 0.00e+00
  Solusi 59 ➔ (10, 10, 5, 22, 30, 8, 17, 30, 19, 30, 30, 5, 20, 30, 30, 20, 3, 23, 11, 1, 1, 1, 9, 14, 1) | F(x): 1.000000 | Res: 0.00e+00
  Solusi 60 ➔ (10, 10, 6, 22, 30, 8, 16, 29, 19, 30, 30, 5, 20, 30, 30, 20, 5, 23, 12, 1, 1, 1, 8, 14, 1) | F(x): 1.000000 | Res: 0.00e+00
  Solusi 61 ➔ (10, 10, 6, 22, 30, 8, 16, 30, 18, 30, 30, 5, 20, 30, 30, 20, 4, 23, 12, 1, 1, 1, 9, 14, 1) | F(x): 1.000000 | Res: 0.00e+00
  Solusi 62 ➔ (10, 10, 7, 22, 30, 8, 15, 30, 19, 30, 30, 4, 20, 30, 30, 20, 4, 23, 12, 1, 1, 1, 9, 14, 1) | F(x): 1.000000 | Res: 0.00e+00
  Solusi 63 ➔ (10, 10, 7, 22, 30, 8, 17, 30, 19, 30, 30, 5, 19, 30, 30, 20, 5, 23, 12, 1, 1, 1, 7, 13, 1) | F(x): 1.000000 | Res: 0.00e+00
  Solusi 64 ➔ (9, 10, 7, 22, 30, 8, 17, 30, 19, 30, 30, 4, 20, 30, 30, 20, 5, 23, 12, 1, 1, 1, 6, 14, 1) | F(x): 1.000000 | Res: 0.00e+00
  Solusi 65 ➔ (10, 10, 5, 22, 30, 8, 17, 30, 19, 30, 30, 5, 19, 30, 30, 20, 5, 23, 11, 1, 1, 1, 9, 14, 1) | F(x): 1.000000 | Res: 0.00e+00
  Solusi 66 ➔ (10, 10, 7, 22, 29, 8, 17, 30, 19, 30, 30, 5, 20, 30, 30, 20, 5, 23, 12, 1, 1, 1, 6, 14, 1) | F(x): 1.000000 | Res: 0.00e+00
  Solusi 67 ➔ (10, 10, 6, 22, 30, 6, 17, 30, 19, 30, 30, 5, 20, 30, 30, 20, 4, 23, 12, 1, 1, 1, 8, 14, 1) | F(x): 1.000000 | Res: 0.00e+00
  Solusi 68 ➔ (9, 10, 7, 22, 29, 8, 17, 30, 19, 30, 30, 5, 20, 30, 30, 20, 5, 23, 12, 1, 1, 1, 8, 14, 1) | F(x): 1.000000 | Res: 0.00e+00
  Solusi 69 ➔ (10, 10, 7, 22, 30, 6, 17, 30, 19, 30, 30, 5, 20, 30, 30, 20, 4, 23, 12, 1, 1, 1, 7, 14, 1) | F(x): 1.000000 | Res: 0.00e+00
  Solusi 70 ➔ (10, 10, 6, 22, 30, 8, 17, 30, 19, 30, 30, 5, 20, 30, 29, 20, 4, 23, 12, 1, 1, 1, 9, 14, 1) | F(x): 1.000000 | Res: 0.00e+00
  Solusi 71 ➔ (9, 10, 5, 22, 30, 8, 17, 30, 19, 30, 30, 5, 20, 30, 30, 20, 5, 23, 12, 1, 1, 1, 7, 14, 1) | F(x): 1.000000 | Res: 0.00e+00
  Solusi 72 ➔ (8, 10, 6, 22, 30, 8, 17, 30, 19, 30, 30, 5, 20, 30, 30, 20, 5, 23, 12, 1, 1, 1, 8, 14, 1) | F(x): 1.000000 | Res: 0.00e+00
  Solusi 73 ➔ (10, 10, 7, 22, 29, 8, 17, 30, 19, 30, 30, 5, 20, 30, 30, 19, 5, 23, 12, 1, 1, 1, 9, 13, 1) | F(x): 1.000000 | Res: 0.00e+00
  Solusi 74 ➔ (10, 10, 7, 22, 30, 8, 17, 30, 17, 30, 30, 5, 20, 30, 30, 20, 4, 23, 12, 1, 1, 1, 8, 14, 1) | F(x): 1.000000 | Res: 0.00e+00
  Solusi 75 ➔ (9, 10, 7, 22, 30, 8, 17, 30, 19, 30, 30, 5, 20, 30, 30, 19, 5, 23, 12, 1, 1, 1, 8, 13, 1) | F(x): 1.000000 | Res: 0.00e+00
  Solusi 76 ➔ (9, 10, 6, 22, 30, 8, 17, 30, 19, 30, 30, 4, 20, 30, 30, 20, 5, 23, 12, 1, 1, 1, 7, 14, 1) | F(x): 1.000000 | Res: 0.00e+00
  Solusi 77 ➔ (10, 10, 6, 22, 30, 8, 17, 30, 19, 30, 30, 5, 20, 30, 30, 19, 4, 23, 12, 1, 1, 1, 7, 14, 1) | F(x): 1.000000 | Res: 0.00e+00
  Solusi 78 ➔ (10, 10, 6, 22, 30, 7, 17, 30, 19, 30, 30, 5, 20, 30, 30, 20, 5, 23, 10, 1, 1, 1, 8, 14, 1) | F(x): 1.000000 | Res: 0.00e+00
  Solusi 79 ➔ (10, 10, 6, 22, 30, 8, 17, 30, 19, 30, 30, 5, 19, 30, 30, 20, 4, 23, 12, 1, 1, 1, 8, 14, 1) | F(x): 1.000000 | Res: 0.00e+00
  Solusi 80 ➔ (10, 10, 7, 22, 30, 8, 17, 30, 19, 30, 30, 5, 20, 30, 29, 20, 4, 23, 12, 1, 1, 1, 8, 14, 1) | F(x): 1.000000 | Res: 0.00e+00
  Solusi 81 ➔ (10, 10, 6, 22, 30, 7, 17, 30, 19, 30, 30, 5, 20, 30, 30, 20, 4, 23, 11, 1, 1, 1, 8, 14, 1) | F(x): 1.000000 | Res: 0.00e+00
  Solusi 82 ➔ (10, 9, 7, 22, 30, 8, 17, 30, 19, 30, 30, 5, 20, 30, 30, 20, 5, 23, 10, 1, 1, 1, 8, 14, 1) | F(x): 1.000000 | Res: 0.00e+00
  Solusi 83 ➔ (9, 10, 6, 22, 30, 8, 17, 30, 19, 30, 30, 5, 20, 30, 30, 20, 5, 23, 12, 1, 1, 1, 6, 14, 1) | F(x): 1.000000 | Res: 0.00e+00
  Solusi 84 ➔ (10, 10, 7, 22, 29, 8, 17, 30, 19, 30, 30, 4, 20, 30, 30, 20, 5, 23, 12, 1, 1, 1, 7, 14, 1) | F(x): 1.000000 | Res: 0.00e+00
  Solusi 85 ➔ (10, 10, 7, 22, 30, 8, 17, 30, 19, 30, 30, 5, 20, 30, 30, 19, 5, 23, 12, 1, 1, 1, 6, 13, 1) | F(x): 1.000000 | Res: 0.00e+00
  Solusi 86 ➔ (10, 10, 7, 22, 30, 8, 17, 30, 19, 30, 30, 4, 20, 30, 30, 20, 4, 23, 11, 1, 1, 1, 8, 13, 1) | F(x): 1.000000 | Res: 0.00e+00
  Solusi 87 ➔ (10, 10, 7, 22, 30, 8, 17, 30, 19, 30, 30, 4, 20, 30, 30, 20, 4, 23, 10, 1, 1, 1, 8, 14, 1) | F(x): 1.000000 | Res: 0.00e+00
  Solusi 88 ➔ (10, 10, 6, 22, 29, 8, 17, 30, 19, 30, 30, 5, 20, 30, 30, 20, 5, 23, 12, 1, 1, 1, 7, 14, 1) | F(x): 1.000000 | Res: 0.00e+00
  Solusi 89 ➔ (10, 10, 7, 22, 30, 7, 17, 30, 19, 30, 30, 5, 20, 30, 30, 19, 5, 23, 12, 1, 1, 1, 6, 14, 1) | F(x): 1.000000 | Res: 0.00e+00
  Solusi 90 ➔ (8, 10, 6, 22, 30, 8, 17, 30, 19, 30, 30, 4, 20, 30, 30, 20, 5, 23, 12, 1, 1, 1, 9, 14, 1) | F(x): 1.000000 | Res: 0.00e+00
  Solusi 91 ➔ (10, 10, 7, 22, 30, 8, 17, 30, 19, 30, 30, 5, 20, 30, 30, 20, 5, 23, 12, 1, 1, 1, 7, 11, 1) | F(x): 1.000000 | Res: 0.00e+00
  Solusi 92 ➔ (10, 10, 7, 22, 30, 8, 17, 30, 19, 30, 30, 5, 20, 30, 30, 20, 5, 23, 11, 1, 1, 1, 7, 12, 1) | F(x): 1.000000 | Res: 0.00e+00
  Solusi 93 ➔ (10, 10, 7, 22, 30, 7, 17, 30, 19, 30, 30, 4, 20, 30, 30, 20, 4, 23, 11, 1, 1, 1, 8, 14, 1) | F(x): 1.000000 | Res: 0.00e+00
  Solusi 94 ➔ (10, 10, 6, 22, 30, 8, 16, 30, 18, 30, 30, 5, 20, 30, 30, 20, 5, 23, 11, 1, 1, 1, 9, 14, 1) | F(x): 1.000000 | Res: 0.00e+00
  Solusi 95 ➔ (10, 10, 7, 22, 30, 7, 17, 30, 19, 30, 30, 5, 20, 30, 30, 20, 5, 23, 11, 1, 1, 1, 7, 13, 1) | F(x): 1.000000 | Res: 0.00e+00
  Solusi 96 ➔ (10, 10, 6, 22, 30, 8, 17, 30, 19, 30, 30, 5, 20, 30, 30, 20, 5, 23, 11, 1, 1, 1, 8, 12, 1) | F(x): 1.000000 | Res: 0.00e+00
  Solusi 97 ➔ (10, 10, 6, 22, 30, 8, 17, 30, 19, 30, 30, 5, 20, 30, 30, 19, 5, 23, 12, 1, 1, 1, 7, 13, 1) | F(x): 1.000000 | Res: 0.00e+00
  Solusi 98 ➔ (10, 10, 7, 22, 30, 8, 17, 30, 19, 30, 30, 4, 19, 30, 30, 20, 5, 23, 12, 1, 1, 1, 8, 13, 1) | F(x): 1.000000 | Res: 0.00e+00
  Solusi 99 ➔ (9, 10, 6, 22, 30, 8, 17, 30, 19, 30, 30, 5, 20, 30, 30, 19, 5, 23, 11, 1, 1, 1, 9, 14, 1) | F(x): 1.000000 | Res: 0.00e+00
  Solusi 100 ➔ (10, 10, 7, 22, 30, 8, 17, 30, 19, 30, 30, 5, 20, 30, 30, 20, 3, 23, 12, 1, 1, 1, 7, 13, 1) | F(x): 1.000000 | Res: 0.00e+00
  Solusi 101 ➔ (10, 10, 7, 22, 30, 7, 17, 30, 19, 30, 30, 5, 19, 30, 30, 20, 5, 23, 12, 1, 1, 1, 7, 14, 1) | F(x): 1.000000 | Res: 0.00e+00
  Solusi 102 ➔ (10, 10, 7, 22, 30, 8, 16, 29, 19, 30, 30, 4, 20, 30, 30, 20, 5, 23, 12, 1, 1, 1, 8, 14, 1) | F(x): 1.000000 | Res: 0.00e+00
  Solusi 103 ➔ (10, 9, 6, 22, 30, 8, 17, 30, 19, 30, 30, 5, 20, 30, 30, 19, 5, 23, 12, 1, 1, 1, 8, 14, 1) | F(x): 1.000000 | Res: 0.00e+00
  Solusi 104 ➔ (10, 10, 6, 22, 30, 7, 17, 30, 19, 30, 30, 5, 20, 30, 30, 20, 5, 23, 11, 1, 1, 1, 8, 13, 1) | F(x): 1.000000 | Res: 0.00e+00
  Solusi 105 ➔ (10, 10, 5, 22, 29, 8, 17, 30, 19, 30, 30, 5, 20, 30, 30, 20, 5, 23, 12, 1, 1, 1, 8, 14, 1) | F(x): 1.000000 | Res: 0.00e+00
  Solusi 106 ➔ (10, 10, 7, 21, 30, 8, 17, 30, 19, 30, 30, 5, 20, 30, 30, 20, 5, 23, 11, 1, 1, 1, 7, 14, 1) | F(x): 1.000000 | Res: 0.00e+00
  Solusi 107 ➔ (10, 10, 6, 22, 29, 8, 17, 30, 19, 30, 30, 4, 20, 30, 30, 20, 5, 23, 12, 1, 1, 1, 8, 14, 1) | F(x): 1.000000 | Res: 0.00e+00
  Solusi 108 ➔ (10, 10, 7, 22, 30, 8, 17, 30, 19, 30, 30, 5, 20, 30, 30, 20, 5, 23, 10, 1, 1, 1, 7, 13, 1) | F(x): 1.000000 | Res: 0.00e+00
  Solusi 109 ➔ (10, 10, 6, 22, 30, 7, 15, 30, 19, 30, 30, 5, 20, 30, 30, 20, 5, 23, 12, 1, 1, 1, 9, 14, 1) | F(x): 1.000000 | Res: 0.00e+00
  Solusi 110 ➔ (10, 10, 6, 22, 30, 7, 17, 30, 19, 30, 30, 5, 19, 30, 30, 20, 5, 23, 12, 1, 1, 1, 8, 14, 1) | F(x): 1.000000 | Res: 0.00e+00
  Solusi 111 ➔ (10, 10, 7, 22, 30, 7, 17, 30, 19, 30, 30, 5, 20, 30, 30, 20, 5, 23, 10, 1, 1, 1, 7, 14, 1) | F(x): 1.000000 | Res: 0.00e+00
  Solusi 112 ➔ (10, 10, 7, 22, 30, 7, 17, 30, 19, 30, 30, 5, 20, 30, 30, 20, 4, 23, 11, 1, 1, 1, 7, 14, 1) | F(x): 1.000000 | Res: 0.00e+00
  Solusi 113 ➔ (10, 10, 6, 22, 30, 7, 17, 30, 19, 30, 30, 5, 20, 30, 30, 19, 5, 23, 12, 1, 1, 1, 7, 14, 1) | F(x): 1.000000 | Res: 0.00e+00
  Solusi 114 ➔ (10, 10, 7, 21, 30, 7, 17, 30, 19, 30, 30, 5, 20, 30, 30, 20, 5, 23, 12, 1, 1, 1, 7, 14, 1) | F(x): 1.000000 | Res: 0.00e+00
  Solusi 115 ➔ (10, 10, 7, 21, 30, 8, 17, 30, 19, 30, 30, 5, 20, 30, 30, 20, 5, 23, 12, 1, 1, 1, 7, 13, 1) | F(x): 1.000000 | Res: 0.00e+00
  Solusi 116 ➔ (10, 10, 7, 22, 30, 8, 17, 30, 19, 30, 30, 5, 20, 30, 30, 20, 4, 23, 10, 1, 1, 1, 7, 14, 1) | F(x): 1.000000 | Res: 0.00e+00
  Solusi 117 ➔ (10, 10, 7, 22, 30, 7, 17, 30, 19, 30, 30, 5, 20, 30, 30, 20, 3, 23, 12, 1, 1, 1, 7, 14, 1) | F(x): 1.000000 | Res: 0.00e+00
  Solusi 118 ➔ (10, 10, 5, 22, 30, 7, 17, 30, 19, 30, 30, 5, 20, 30, 30, 19, 5, 23, 12, 1, 1, 1, 8, 14, 1) | F(x): 1.000000 | Res: 0.00e+00
  Solusi 119 ➔ (10, 10, 5, 22, 30, 8, 17, 30, 19, 30, 30, 5, 20, 30, 30, 19, 5, 23, 11, 1, 1, 1, 8, 14, 1) | F(x): 1.000000 | Res: 0.00e+00
  Solusi 120 ➔ (10, 10, 6, 22, 30, 6, 17, 30, 19, 30, 30, 5, 20, 30, 30, 20, 5, 23, 11, 1, 1, 1, 8, 14, 1) | F(x): 1.000000 | Res: 0.00e+00
  Solusi 121 ➔ (8, 10, 5, 22, 30, 8, 17, 30, 19, 30, 30, 5, 20, 30, 30, 20, 5, 23, 12, 1, 1, 1, 9, 14, 1) | F(x): 1.000000 | Res: 0.00e+00
  Solusi 122 ➔ (9, 10, 5, 22, 30, 8, 17, 30, 19, 30, 30, 4, 20, 30, 30, 20, 5, 23, 12, 1, 1, 1, 8, 14, 1) | F(x): 1.000000 | Res: 0.00e+00
  Solusi 123 ➔ (10, 10, 6, 21, 30, 8, 17, 30, 19, 30, 30, 5, 20, 30, 30, 20, 4, 23, 12, 1, 1, 1, 8, 14, 1) | F(x): 1.000000 | Res: 0.00e+00
  Solusi 124 ➔ (10, 10, 7, 22, 30, 6, 17, 30, 19, 30, 30, 5, 20, 30, 30, 20, 5, 23, 11, 1, 1, 1, 7, 14, 1) | F(x): 1.000000 | Res: 0.00e+00
  Solusi 125 ➔ (10, 10, 5, 22, 30, 6, 17, 30, 19, 30, 30, 5, 20, 30, 30, 20, 4, 23, 12, 1, 1, 1, 9, 14, 1) | F(x): 1.000000 | Res: 0.00e+00
  Solusi 126 ➔ (10, 10, 6, 21, 30, 8, 17, 30, 19, 30, 30, 5, 20, 30, 30, 20, 5, 23, 11, 1, 1, 1, 8, 14, 1) | F(x): 1.000000 | Res: 0.00e+00
  Solusi 127 ➔ (10, 10, 5, 22, 30, 7, 17, 30, 19, 30, 30, 5, 20, 30, 30, 20, 4, 23, 12, 1, 1, 1, 9, 13, 1) | F(x): 1.000000 | Res: 0.00e+00
  Solusi 128 ➔ (10, 9, 6, 22, 30, 8, 17, 30, 19, 30, 30, 5, 20, 30, 30, 20, 3, 23, 12, 1, 1, 1, 9, 14, 1) | F(x): 1.000000 | Res: 0.00e+00
  Solusi 129 ➔ (10, 10, 7, 22, 30, 8, 17, 30, 19, 30, 30, 5, 19, 30, 30, 20, 5, 23, 11, 1, 1, 1, 7, 14, 1) | F(x): 1.000000 | Res: 0.00e+00
  Solusi 130 ➔ (10, 10, 5, 22, 30, 8, 17, 30, 19, 30, 30, 5, 20, 30, 30, 19, 5, 23, 12, 1, 1, 1, 8, 13, 1) | F(x): 1.000000 | Res: 0.00e+00
  Solusi 131 ➔ (10, 10, 6, 22, 30, 8, 17, 30, 19, 30, 30, 4, 20, 30, 30, 19, 5, 23, 11, 1, 1, 1, 8, 14, 1) | F(x): 1.000000 | Res: 0.00e+00
  Solusi 132 ➔ (10, 10, 6, 22, 30, 7, 17, 30, 19, 30, 30, 5, 20, 30, 30, 20, 4, 23, 12, 1, 1, 1, 8, 13, 1) | F(x): 1.000000 | Res: 0.00e+00
  Solusi 133 ➔ (10, 10, 5, 22, 30, 6, 17, 30, 19, 30, 30, 5, 20, 30, 30, 20, 5, 23, 11, 1, 1, 1, 9, 14, 1) | F(x): 1.000000 | Res: 0.00e+00
  Solusi 134 ➔ (10, 10, 6, 22, 30, 7, 17, 30, 19, 30, 30, 5, 20, 30, 30, 20, 3, 23, 12, 1, 1, 1, 8, 14, 1) | F(x): 1.000000 | Res: 0.00e+00
  Solusi 135 ➔ (10, 10, 7, 22, 30, 8, 17, 30, 19, 30, 30, 5, 20, 30, 30, 20, 4, 23, 11, 1, 1, 1, 7, 13, 1) | F(x): 1.000000 | Res: 0.00e+00
  Solusi 136 ➔ (10, 10, 5, 22, 30, 8, 17, 30, 19, 30, 30, 5, 20, 30, 30, 19, 4, 23, 12, 1, 1, 1, 8, 14, 1) | F(x): 1.000000 | Res: 0.00e+00
  Solusi 137 ➔ (10, 10, 5, 22, 30, 8, 17, 30, 19, 30, 30, 5, 20, 30, 30, 20, 5, 23, 10, 1, 1, 1, 9, 13, 1) | F(x): 1.000000 | Res: 0.00e+00
  Solusi 138 ➔ (10, 10, 7, 22, 30, 7, 17, 30, 19, 30, 30, 5, 20, 30, 30, 20, 4, 23, 12, 1, 1, 1, 7, 13, 1) | F(x): 1.000000 | Res: 0.00e+00
======================================================================
